100
2 1 2
3 2 2
1 100000 1
1 100000 2
100000 100000 100000
99999 99979 99971
99983 99989 99989
98765 100000 99979
98761 100000 99991
96762 100000 99991
62620 14167 69364
96084 79968 12909
93081 82635 14121
69230 86207 45356
1416 80290 94204
16435 82967 21413
92554 86492 95780
53634 89340 41972
99328 85581 14002
72275 98053 74825
87717 97230 33950
12009 97134 51348
97418 95996 4698
10732 92180 10660
30062 85044 4744
10632 98830 31810
52684 94110 86614
91866 98585 16694
30808 83962 62054
28836 92567 18006
36972 88137 5702
77220 97574 9454
31491 99855 92877
89756 95847 94130
27424 92877 45848
47432 99089 58586
27440 93816 17042
24204 96924 4731
14151 99694 19443
55658 96257 4042
63692 96952 57170
99106 99041 24626
19032 97962 50696
83192 96419 78362
60384 99904 72242
47410 98791 15655
1240 98564 54658
66309 99756 37695
79474 92797 39080
48240 95156 35014
64380 94390 42858
60698 99734 3597
60374 91216 49808
53220 95391 88233
57154 99015 53466
61064 96508 29450
61995 99869 47340
19988 99564 29042
77786 99128 50138
83298 97361 74343
39346 99733 71852
75278 99604 23354
21663 96221 8121
38918 98641 39121
93875 99956 93590
78662 96626 33602
57978 98840 96903
54422 96469 30986
57195 96969 9145
73902 99623 89736
49021 99444 72583
89994 99555 15453
59380 98901 74282
83706 88929 87508
27098 99553 90108
91118 99952 31942
55144 99619 78540
22658 98391 62656
344 98978 84704
91625 98775 53950
85586 25923 42793
78483 35337 26161
88251 80950 29417
87310 2120 17462
80760 61497 26920
97768 17725 48884
96172 99562 48086
69290 4074 34645
90930 99574 30310
98884 1046 24721
10575 32691 63450
66064 27970 66064
32379 55907 86344
75603 1045 6873
76980 77780 25660
4469 6173 33790
19242 90515 93003
41120 20511 20560
53495 98236 53495
85635 13753 77850
